Tag	g__Abiotrophia	g__Acinetobacter	g__Stenotrophomonas	g__Pseudomonas	g__Serratia	g__Ralstonia	g__Streptococcus	g__Klebsiella	g__Sphingomonas	g__Granulicatella	g__Prevotella	g__Veillonella	g__Bradyrhizobium	g__Cutibacterium	g__Sediminibacterium	g__Neisseria	g__Aquabacterium	g__Haemophilus_D	g__Porphyromonas	g__Corynebacterium	g__Bacteroides	g__Vibrio	g__Caulobacter	g__Alloprevotella	g__Phocaeicola	g__Pauljensenia	g__Haemophilus	g__Stutzerimonas	g__Anaeroglobus	g__Faecalibacterium	g__Enterobacter	g__Shewanella	g__Deinococcus	g__Rothia	g__Staphylococcus	g__Escherichia	g__Alistipes	g__Lancefieldella	g__Fusobacterium	g__Capnocytophaga	g__Tropheryma	g__Megamonas	g__Actinomyces	g__Leptotrichia	g__Streptomyces	g__Roseburia	g__Campylobacter_A	g__Moraxella_A	g__Megasphaera	g__Agathobacter	g__Duncaniella	g__Microbacterium	g__Parabacteroides	g__Nanosynbacter	g__Mogibacterium	g__Candidatus_Minimicrobia	g__Spiroplasma	g__Acetatifactor	g__Lachnoanaerobaculum	g__Dialister	g__Leptotrichia_A	g__F0422	g__Ruminococcus_E	g__Blautia	g__Bulleidia	g__JABCPH02	g__Centipeda	g__Haemophilus_A	g__Oribacterium	g__Pseudomonas_E	g__Phascolarctobacterium	g__Tannerella	g__Gemella	g__Treponema	g__Hominicoprocola	g__Yersinia	g__Peptostreptococcus	g__Blautia_A	g__Salmonella	g__Bifidobacterium	g__Akkermansia	g__Gemmiger	g__Citrobacter	g__Limnospira	g__Muribaculum	g__Kingella_A	g__Fusicatenibacter	g__Bariatricus	g__Taurinivorans	g__Dysosmobacter	g__Nanosyncoccus	g__Mediterraneibacter	g__Wujia	g__Collinsella	g__Anaerostipes	g__Anthropogastromicrobium	g__Dorea_A	g__Moraxella	g__Flavonifractor	g__Agathobaculum	g__Anaerotignum	g__Gallintestinimicrobium	g__Acidovorax	g__Lachnospira	g__Hominimerdicola	g__Thermoactinomyces
HB024825	0	0	0	0.010381466	0	0.668949977	0	0	0.04609249	0	0.012360338	0	0.149206929	0.050050234	0	0	0.007367492	0	0	0.003287972	0	0	0	0.017353183	0	0	0	0.015648309	0	0	0	0.004779736	0	0	0	0	0	0	0	0	0	0	0	0	0	0	0	0.003287972	0.011233903	0	0	0	0	0	0	0	0	0	0	0	0	0	0	0	0	0	0	0	0	0	0	0	0	0	0	0	0	0	0	0	0	0	0	0	0	0	0	0	0	0	0	0	0	0	0	0	0	0	0	0	0	0	0	0	0	0
HB024828	0	0	0	0.031669285	0	0.467303274	0	0	0.091865105	0	0	0	0.208751361	0.176598573	0	0	0	0	0	0	0	0	0	0	0	0	0	0.023812402	0	0	0	0	0	0	0	0	0	0	0	0	0	0	0	0	0	0	0	0	0	0	0	0	0	0	0	0	0	0	0	0	0	0	0	0	0	0	0	0	0	0	0	0	0	0	0	0	0	0	0	0	0	0	0	0	0	0	0	0	0	0	0	0	0	0	0	0	0	0	0	0	0	0	0	0	0	0
HB024829	0	0	0	0	0	0.564615384	0	0	0.311628372	0	0	0	0.02015984	0.03004995	0	0	0.052707293	0	0	0	0	0	0	0	0	0	0	0	0	0	0	0.012587413	0.008251748	0	0	0	0	0	0	0	0	0	0	0	0	0	0	0	0	0	0	0	0	0	0	0	0	0	0	0	0	0	0	0	0	0	0	0	0	0	0	0	0	0	0	0	0	0	0	0	0	0	0	0	0	0	0	0	0	0	0	0	0	0	0	0	0	0	0	0	0	0	0	0	0	0
HD0021417-B1	0	0.477065424	0	0.149366489	0	0.003996406	0.03430835	0.004217009	0	0.007935265	0.124825354	0.043324245	0	0	0	0.028575903	0	0.001665703	0	0	0.023409351	0.006522136	0	0.002142073	0.01129864	0	0	0	0.013897903	0.01082227	0	0	0	0	0	0	0.005016289	0	0.004108306	0.005147372	0	0.002266761	0.012440014	0.005937062	0	0	0.00202378	0	0	0	0	0	0.001963035	0	0	0	0.004498355	0.004776504	0	0	0	0	0.00320352	0.003603161	0	0	0	0	0	0	0.001643322	0	0	0	0	0	0	0	0	0	0	0	0	0	0	0	0	0	0	0	0	0	0	0	0	0	0	0	0	0	0	0	0	0	0	0
HD0021418-B2	0	0.362960831	0.049193728	0.155191512	0	0	0.054451158	0.003603776	0	0.00710833	0.120339651	0.064528969	0	0	0	0.020674168	0	0	0.00832849	0	0.014318251	0.007586711	0	0.010090809	0.013202036	0.008650948	0	0	0.005753523	0.009757717	0	0	0	0.001068967	0.001783579	0.00231393	0.005084973	0.011371204	0.003423055	0	0	0.000904784	0.000302382	0	0	0.001922959	0.002226523	0	0	0.004613683	0.000614214	0	0.000998099	0	0.002293849	0	0.002382438	0.001613491	0	0.000909507	0.001768223	0	0.002951765	0.000620119	0.00352936	0	0	0	0.001177633	0.001892249	0.000674454	0	0.000626027	0	0.002107224	0.002101316	0.000767768	0.002068244	0.001431588	0.001768227	0.001707984	0.001353633	0.00135245	0.001307567	0.00128276	0	0.001053612	0.000863444	0.000823281	0.000806744	0	0.000753591	0.000725245	0.00067091	0.000657916	0.000630748	0.000575235	0	0.000455935	0.000437037	0.000426407	0.000415773	0	0.000362622	0.000284664	0
HD0021419-B3	0	0.5813516	0	0.124258356	0	0.193671313	0	0	0.051661764	0	0	0	0	0	0	0	0	0	0	0	0	0.049056967	0	0	0	0	0	0	0	0	0	0	0	0	0	0	0	0	0	0	0	0	0	0	0	0	0	0	0	0	0	0	0	0	0	0	0	0	0	0	0	0	0	0	0	0	0	0	0	0	0	0	0	0	0	0	0	0	0	0	0	0	0	0	0	0	0	0	0	0	0	0	0	0	0	0	0	0	0	0	0	0	0	0	0	0
HD0021420-B4	0	0.664822466	0	0.232967899	0	0	0	0	0	0	0.006160314	0	0	0.007800145	0	0	0	0	0	0	0.014821735	0.011050611	0	0	0.012841286	0	0	0	0	0.00785367	0	0	0	0	0.008364597	0.009838985	0.006622581	0	0	0	0	0	0	0	0	0.00561046	0	0	0	0.003926835	0.004802709	0	0	0	0	0	0	0	0	0.002515704	0	0	0	0	0	0	0	0	0	0	0	0	0	0	0	0	0	0	0	0	0	0	0	0	0	0	0	0	0	0	0	0	0	0	0	0	0	0	0	0	0	0	0	0	0	0
HD0021421-B5	0	0.513291286	0	0.391279036	0	0.095429678	0	0	0	0	0	0	0	0	0	0	0	0	0	0	0	0	0	0	0	0	0	0	0	0	0	0	0	0	0	0	0	0	0	0	0	0	0	0	0	0	0	0	0	0	0	0	0	0	0	0	0	0	0	0	0	0	0	0	0	0	0	0	0	0	0	0	0	0	0	0	0	0	0	0	0	0	0	0	0	0	0	0	0	0	0	0	0	0	0	0	0	0	0	0	0	0	0	0	0	0
HD0021422-B6	0	0.261514027	0	0.12771308	0	0.445738475	0	0	0.165034418	0	0	0	0	0	0	0	0	0	0	0	0	0	0	0	0	0	0	0	0	0	0	0	0	0	0	0	0	0	0	0	0	0	0	0	0	0	0	0	0	0	0	0	0	0	0	0	0	0	0	0	0	0	0	0	0	0	0	0	0	0	0	0	0	0	0	0	0	0	0	0	0	0	0	0	0	0	0	0	0	0	0	0	0	0	0	0	0	0	0	0	0	0	0	0	0	0
HD0021423-B7	0	0	0	0	0	0	0	0	0	0	0	0	0	0	0	0	0	0	0	0	0	0	0	0	0	0	0	0	0	0	0	0	0	0	0	0	0	0	0	0	0	0	0	0	0	0	0	0	0	0	0	0	0	0	0	0	0	0	0	0	0	0	0	0	0	0	0	0	0	0	0	0	0	0	0	0	0	0	0	0	0	0	0	0	0	0	0	0	0	0	0	0	0	0	0	0	0	0	0	0	0	0	0	0	0	0
HD0021424-B8	0	0.664723305	0	0.140563873	0	0.030056199	0	0	0	0	0.040971209	0.023533803	0	0	0	0	0	0	0	0	0.021324128	0	0	0	0	0	0	0	0	0	0	0	0	0	0	0	0	0	0	0	0.062774493	0	0	0	0	0	0	0	0	0	0	0	0	0	0	0	0	0	0	0	0	0	0	0	0	0	0	0	0	0	0	0	0	0	0	0	0	0	0.01605299	0	0	0	0	0	0	0	0	0	0	0	0	0	0	0	0	0	0	0	0	0	0	0	0	0	0	0
HD0021425-B9	0	0.013125814	0	0	0	0	0.20779943	0	0	0.339632948	0.05068945	0.042137188	0	0	0	0.189944023	0	0.017835899	0.017709127	0	0	0	0	0.013818186	0	0	0.011253484	0	0	0	0	0	0	0	0	0	0	0	0.018752559	0.024106252	0	0	0	0	0	0	0	0	0	0	0	0	0	0.011029196	0	0.019230397	0	0	0	0	0.012335926	0.010600122	0	0	0	0	0	0	0	0	0	0	0	0	0	0	0	0	0	0	0	0	0	0	0	0	0	0	0	0	0	0	0	0	0	0	0	0	0	0	0	0	0	0	0	0
HD0021426-B10	0	0.323129212	0	0	0	0.096176418	0	0	0	0	0	0	0	0	0	0	0	0	0	0	0	0	0	0	0	0	0	0	0	0	0	0	0	0	0	0	0	0	0	0	0.58069437	0	0	0	0	0	0	0	0	0	0	0	0	0	0	0	0	0	0	0	0	0	0	0	0	0	0	0	0	0	0	0	0	0	0	0	0	0	0	0	0	0	0	0	0	0	0	0	0	0	0	0	0	0	0	0	0	0	0	0	0	0	0	0	0	0
HD0021427-B11	0	0.000578555	0.997286776	0.000932047	0	0.00028429	0	0	0	0	0.000296759	0	0	0	0	0	0	0	0	0	0	0	0	0	0	0	0	0	0	0	0	0	0	0	0	0	0	0	0	0	0	0	0	0	0	0	0	0	0	0	0	0	0	0	0	0	0	0	0	0	0	0	0	0	0	0	0	0	0	0.000621572	0	0	0	0	0	0	0	0	0	0	0	0	0	0	0	0	0	0	0	0	0	0	0	0	0	0	0	0	0	0	0	0	0	0	0	0
HD0021428-B12	0	0.738887456	0	0.169108507	0	0.092004037	0	0	0	0	0	0	0	0	0	0	0	0	0	0	0	0	0	0	0	0	0	0	0	0	0	0	0	0	0	0	0	0	0	0	0	0	0	0	0	0	0	0	0	0	0	0	0	0	0	0	0	0	0	0	0	0	0	0	0	0	0	0	0	0	0	0	0	0	0	0	0	0	0	0	0	0	0	0	0	0	0	0	0	0	0	0	0	0	0	0	0	0	0	0	0	0	0	0	0	0
HD0021429-B13	0	1	0	0	0	0	0	0	0	0	0	0	0	0	0	0	0	0	0	0	0	0	0	0	0	0	0	0	0	0	0	0	0	0	0	0	0	0	0	0	0	0	0	0	0	0	0	0	0	0	0	0	0	0	0	0	0	0	0	0	0	0	0	0	0	0	0	0	0	0	0	0	0	0	0	0	0	0	0	0	0	0	0	0	0	0	0	0	0	0	0	0	0	0	0	0	0	0	0	0	0	0	0	0	0	0
HD0021430-B14	0	0.228273953	0	0	0	0.047002887	0.216297542	0	0	0	0.264564279	0.136374577	0	0	0	0	0	0.107486761	0	0	0	0	0	0	0	0	0	0	0	0	0	0	0	0	0	0	0	0	0	0	0	0	0	0	0	0	0	0	0	0	0	0	0	0	0	0	0	0	0	0	0	0	0	0	0	0	0	0	0	0	0	0	0	0	0	0	0	0	0	0	0	0	0	0	0	0	0	0	0	0	0	0	0	0	0	0	0	0	0	0	0	0	0	0	0	0
HD0021431-B15	0	0	0.941423771	0	0	0.058576229	0	0	0	0	0	0	0	0	0	0	0	0	0	0	0	0	0	0	0	0	0	0	0	0	0	0	0	0	0	0	0	0	0	0	0	0	0	0	0	0	0	0	0	0	0	0	0	0	0	0	0	0	0	0	0	0	0	0	0	0	0	0	0	0	0	0	0	0	0	0	0	0	0	0	0	0	0	0	0	0	0	0	0	0	0	0	0	0	0	0	0	0	0	0	0	0	0	0	0	0
HD0021432-B16	0	0.010636272	0	0	0	0	0.329232258	0	0	0.020228512	0.237331947	0.097162091	0	0	0	0.020614084	0	0.032502056	0.003588927	0	0	0	0	0	0	0.031980019	0.046768778	0	0	0	0	0	0	0.049930597	0	0	0	0	0.024986066	0.005196532	0	0	0	0.017914982	0	0	0.01563112	0	0	0	0	0	0	0.019291236	0	0	0	0	0	0	0	0.007160057	0	0	0	0	0	0.018638704	0	0	0	0	0.006976169	0	0	0	0	0	0	0	0	0	0	0	0	0.00422959	0	0	0	0	0	0	0	0	0	0	0	0	0	0	0	0	0	0	0	0
HD0021433-B17	0	0.559100248	0	0.220720242	0	0.22017951	0	0	0	0	0	0	0	0	0	0	0	0	0	0	0	0	0	0	0	0	0	0	0	0	0	0	0	0	0	0	0	0	0	0	0	0	0	0	0	0	0	0	0	0	0	0	0	0	0	0	0	0	0	0	0	0	0	0	0	0	0	0	0	0	0	0	0	0	0	0	0	0	0	0	0	0	0	0	0	0	0	0	0	0	0	0	0	0	0	0	0	0	0	0	0	0	0	0	0	0
HD0021434-B18	0	0	0	0	0	0.030273512	0.425017539	0	0	0.044923243	0.222064209	0.233382684	0	0	0	0	0	0	0	0	0	0	0	0	0	0	0	0	0	0	0	0	0	0	0	0	0	0.044338813	0	0	0	0	0	0	0	0	0	0	0	0	0	0	0	0	0	0	0	0	0	0	0	0	0	0	0	0	0	0	0	0	0	0	0	0	0	0	0	0	0	0	0	0	0	0	0	0	0	0	0	0	0	0	0	0	0	0	0	0	0	0	0	0	0	0	0	0
HD0021435-B19	0	0	0	0	0	1	0	0	0	0	0	0	0	0	0	0	0	0	0	0	0	0	0	0	0	0	0	0	0	0	0	0	0	0	0	0	0	0	0	0	0	0	0	0	0	0	0	0	0	0	0	0	0	0	0	0	0	0	0	0	0	0	0	0	0	0	0	0	0	0	0	0	0	0	0	0	0	0	0	0	0	0	0	0	0	0	0	0	0	0	0	0	0	0	0	0	0	0	0	0	0	0	0	0	0	0
HD0021436-B20	0	0.64507192	0	0.199896055	0	0.155032025	0	0	0	0	0	0	0	0	0	0	0	0	0	0	0	0	0	0	0	0	0	0	0	0	0	0	0	0	0	0	0	0	0	0	0	0	0	0	0	0	0	0	0	0	0	0	0	0	0	0	0	0	0	0	0	0	0	0	0	0	0	0	0	0	0	0	0	0	0	0	0	0	0	0	0	0	0	0	0	0	0	0	0	0	0	0	0	0	0	0	0	0	0	0	0	0	0	0	0	0
HD0021437-B21	0	0	0	0	0	0	0	0	0	0	0	0	0	0	0	0	0	0	0	0	0	0	0	0	0	0	0	0	0	0	0	0	0	0	0	0	0	0	0	0	0	0	0	0	0	0	0	0	0	0	0	0	0	0	0	0	0	0	0	0	0	0	0	0	0	0	0	0	0	0	0	0	0	0	0	0	0	0	0	0	0	0	0	0	0	0	0	0	0	0	0	0	0	0	0	0	0	0	0	0	0	0	0	0	0	0
HD0021438-B22	0	0.119953347	0	0	0	0.036412808	0.824575117	0	0.019058728	0	0	0	0	0	0	0	0	0	0	0	0	0	0	0	0	0	0	0	0	0	0	0	0	0	0	0	0	0	0	0	0	0	0	0	0	0	0	0	0	0	0	0	0	0	0	0	0	0	0	0	0	0	0	0	0	0	0	0	0	0	0	0	0	0	0	0	0	0	0	0	0	0	0	0	0	0	0	0	0	0	0	0	0	0	0	0	0	0	0	0	0	0	0	0	0	0
HD0021439-B23	0	0.566549594	0	0	0	0.433450406	0	0	0	0	0	0	0	0	0	0	0	0	0	0	0	0	0	0	0	0	0	0	0	0	0	0	0	0	0	0	0	0	0	0	0	0	0	0	0	0	0	0	0	0	0	0	0	0	0	0	0	0	0	0	0	0	0	0	0	0	0	0	0	0	0	0	0	0	0	0	0	0	0	0	0	0	0	0	0	0	0	0	0	0	0	0	0	0	0	0	0	0	0	0	0	0	0	0	0	0
HD0021440-B24	0	0.143866169	0	0	0	0.07193307	0.089452712	0	0.085664673	0.03286905	0.245590513	0.273487725	0	0	0	0	0	0	0	0	0	0	0	0	0	0.057136088	0	0	0	0	0	0	0	0	0	0	0	0	0	0	0	0	0	0	0	0	0	0	0	0	0	0	0	0	0	0	0	0	0	0	0	0	0	0	0	0	0	0	0	0	0	0	0	0	0	0	0	0	0	0	0	0	0	0	0	0	0	0	0	0	0	0	0	0	0	0	0	0	0	0	0	0	0	0	0	0
HD0021441-B25	0	0	0	0	0	0	0	0	0.373066161	0	0.626933839	0	0	0	0	0	0	0	0	0	0	0	0	0	0	0	0	0	0	0	0	0	0	0	0	0	0	0	0	0	0	0	0	0	0	0	0	0	0	0	0	0	0	0	0	0	0	0	0	0	0	0	0	0	0	0	0	0	0	0	0	0	0	0	0	0	0	0	0	0	0	0	0	0	0	0	0	0	0	0	0	0	0	0	0	0	0	0	0	0	0	0	0	0	0	0
HD0021442-B26	0	0.004006751	0	0	0	0.00655442	0.722948717	0	0	0	0.084214962	0.071508604	0	0	0	0.010579472	0	0.013067682	0.016877754	0	0	0	0	0	0	0.030132968	0.010433105	0	0.010387363	0	0	0	0	0	0	0	0	0	0	0	0	0	0.004221723	0	0	0	0	0	0	0	0	0	0	0	0	0	0	0	0.01025472	0	0	0	0	0	0	0.00481176	0	0	0	0	0	0	0	0	0	0	0	0	0	0	0	0	0	0	0	0	0	0	0	0	0	0	0	0	0	0	0	0	0	0	0	0	0	0	0	0
HD0021443-B27	0	0.430124169	0	0.185817926	0	0.119177132	0	0	0.264880774	0	0	0	0	0	0	0	0	0	0	0	0	0	0	0	0	0	0	0	0	0	0	0	0	0	0	0	0	0	0	0	0	0	0	0	0	0	0	0	0	0	0	0	0	0	0	0	0	0	0	0	0	0	0	0	0	0	0	0	0	0	0	0	0	0	0	0	0	0	0	0	0	0	0	0	0	0	0	0	0	0	0	0	0	0	0	0	0	0	0	0	0	0	0	0	0	0
HD0021444-B28	0	0.549427663	0	0.196670144	0	0.098161654	0	0	0.155740538	0	0	0	0	0	0	0	0	0	0	0	0	0	0	0	0	0	0	0	0	0	0	0	0	0	0	0	0	0	0	0	0	0	0	0	0	0	0	0	0	0	0	0	0	0	0	0	0	0	0	0	0	0	0	0	0	0	0	0	0	0	0	0	0	0	0	0	0	0	0	0	0	0	0	0	0	0	0	0	0	0	0	0	0	0	0	0	0	0	0	0	0	0	0	0	0	0
HD0021445-B29	0	0	0	0	0	0	0	0	0	0	0	0	0	0	0	0	0	0	0	0	0	0	0	0	0	0	0	0	0	0	0	0	0	0	0	0	0	0	0	0	0	0	0	0	0	0	0	0	0	0	0	0	0	0	0	0	0	0	0	0	0	0	0	0	0	0	0	0	0	0	0	0	0	0	0	0	0	0	0	0	0	0	0	0	0	0	0	0	0	0	0	0	0	0	0	0	0	0	0	0	0	0	0	0	0	0
HD0021446-B30	0	0	0	0	0	0	0	0	1	0	0	0	0	0	0	0	0	0	0	0	0	0	0	0	0	0	0	0	0	0	0	0	0	0	0	0	0	0	0	0	0	0	0	0	0	0	0	0	0	0	0	0	0	0	0	0	0	0	0	0	0	0	0	0	0	0	0	0	0	0	0	0	0	0	0	0	0	0	0	0	0	0	0	0	0	0	0	0	0	0	0	0	0	0	0	0	0	0	0	0	0	0	0	0	0	0
HD0021447-B31	0	0.562128295	0	0.129523782	0	0.038288451	0	0	0.270059472	0	0	0	0	0	0	0	0	0	0	0	0	0	0	0	0	0	0	0	0	0	0	0	0	0	0	0	0	0	0	0	0	0	0	0	0	0	0	0	0	0	0	0	0	0	0	0	0	0	0	0	0	0	0	0	0	0	0	0	0	0	0	0	0	0	0	0	0	0	0	0	0	0	0	0	0	0	0	0	0	0	0	0	0	0	0	0	0	0	0	0	0	0	0	0	0	0
HD0021448-B32	0	0.00124758	0	0	0	0	0	0.986678905	0	0	0	0	0	0	0	0	0	0	0	0	0	0	0	0	0	0	0	0	0	0	0.012073514	0	0	0	0	0	0	0	0	0	0	0	0	0	0	0	0	0	0	0	0	0	0	0	0	0	0	0	0	0	0	0	0	0	0	0	0	0	0	0	0	0	0	0	0	0	0	0	0	0	0	0	0	0	0	0	0	0	0	0	0	0	0	0	0	0	0	0	0	0	0	0	0	0	0	0
HD0021449-B33	0	0.502690658	0	0	0	0.347289651	0	0	0.150019691	0	0	0	0	0	0	0	0	0	0	0	0	0	0	0	0	0	0	0	0	0	0	0	0	0	0	0	0	0	0	0	0	0	0	0	0	0	0	0	0	0	0	0	0	0	0	0	0	0	0	0	0	0	0	0	0	0	0	0	0	0	0	0	0	0	0	0	0	0	0	0	0	0	0	0	0	0	0	0	0	0	0	0	0	0	0	0	0	0	0	0	0	0	0	0	0	0
HD0021450-B34	0	0.613223755	0	0.082942533	0	0	0.035984585	0	0.163764684	0	0.073129962	0.030954481	0	0	0	0	0	0	0	0	0	0	0	0	0	0	0	0	0	0	0	0	0	0	0	0	0	0	0	0	0	0	0	0	0	0	0	0	0	0	0	0	0	0	0	0	0	0	0	0	0	0	0	0	0	0	0	0	0	0	0	0	0	0	0	0	0	0	0	0	0	0	0	0	0	0	0	0	0	0	0	0	0	0	0	0	0	0	0	0	0	0	0	0	0	0
HD0021451-B35	0	0.611204687	0	0.303917841	0	0.084877472	0	0	0	0	0	0	0	0	0	0	0	0	0	0	0	0	0	0	0	0	0	0	0	0	0	0	0	0	0	0	0	0	0	0	0	0	0	0	0	0	0	0	0	0	0	0	0	0	0	0	0	0	0	0	0	0	0	0	0	0	0	0	0	0	0	0	0	0	0	0	0	0	0	0	0	0	0	0	0	0	0	0	0	0	0	0	0	0	0	0	0	0	0	0	0	0	0	0	0	0
HD0021452-B36	0	0.000663437	0.999106533	0	0	0	0	0	0	0	0	0.00023003	0	0	0	0	0	0	0	0	0	0	0	0	0	0	0	0	0	0	0	0	0	0	0	0	0	0	0	0	0	0	0	0	0	0	0	0	0	0	0	0	0	0	0	0	0	0	0	0	0	0	0	0	0	0	0	0	0	0	0	0	0	0	0	0	0	0	0	0	0	0	0	0	0	0	0	0	0	0	0	0	0	0	0	0	0	0	0	0	0	0	0	0	0	0
HD0021453-B37	0	0	0	0	0	0	0	0	0	0	0	0	0	0	0	0	0	0	0	0	0	0	0	0	0	0	0	0	0	0	0	0	0	0	0	0	0	0	0	0	0	0	0	0	0	0	0	0	0	0	0	0	0	0	0	0	0	0	0	0	0	0	0	0	0	0	0	0	0	0	0	0	0	0	0	0	0	0	0	0	0	0	0	0	0	0	0	0	0	0	0	0	0	0	0	0	0	0	0	0	0	0	0	0	0	0
HD0021454-B38	0	1	0	0	0	0	0	0	0	0	0	0	0	0	0	0	0	0	0	0	0	0	0	0	0	0	0	0	0	0	0	0	0	0	0	0	0	0	0	0	0	0	0	0	0	0	0	0	0	0	0	0	0	0	0	0	0	0	0	0	0	0	0	0	0	0	0	0	0	0	0	0	0	0	0	0	0	0	0	0	0	0	0	0	0	0	0	0	0	0	0	0	0	0	0	0	0	0	0	0	0	0	0	0	0	0
HD0021455-B39	0	0.006322716	0	0	0.66876308	0	0.082219594	0	0	0.02397932	0.132239417	0.058569144	0	0	0	0	0	0.001393597	0	0	0	0	0	0.000977421	0	0.008633342	0	0	0.002981497	0	0	0	0	0.007411074	0	0	0	0	0	0	0	0	0	0.002981497	0	0	0	0	0	0	0	0	0	0	0.002344105	0	0	0	0	0	0	0	0	0	0	0.001184196	0	0	0	0	0	0	0	0	0	0	0	0	0	0	0	0	0	0	0	0	0	0	0	0	0	0	0	0	0	0	0	0	0	0	0	0	0	0	0	0
HD0021456-B40	0	0.002153544	0	0.902530233	0	0.000179659	0.025552363	0	0	0.010320348	0.022440835	0.019847007	0	0	0	0	0	0.000377047	0.000244077	0	0	0.000170204	0	0.001663028	6.79631E-05	0.002245148	0	0	0.003042975	8.56926E-05	0	0	0	0.000176704	0	0	0	0.00094912	0.000565572	0	0	0	0.000365819	0	0	0	0.001385267	0	0	0	0	0	0	0	0.000473969	0	0	0	0.000719228	0	0	0.000111696	0	0	0.001196742	0	0.001649436	0	0.001080908	0.000283673	0	0.000121742	0	0	0	0	0	0	0	0	0	0	0	0	0	0	0	0	0	0	0	0	0	0	0	0	0	0	0	0	0	0	0	0	0	0
HD0021457-B41	0	1	0	0	0	0	0	0	0	0	0	0	0	0	0	0	0	0	0	0	0	0	0	0	0	0	0	0	0	0	0	0	0	0	0	0	0	0	0	0	0	0	0	0	0	0	0	0	0	0	0	0	0	0	0	0	0	0	0	0	0	0	0	0	0	0	0	0	0	0	0	0	0	0	0	0	0	0	0	0	0	0	0	0	0	0	0	0	0	0	0	0	0	0	0	0	0	0	0	0	0	0	0	0	0	0
HD0021459-B43	0	0.584007187	0	0.166643	0	0.249349814	0	0	0	0	0	0	0	0	0	0	0	0	0	0	0	0	0	0	0	0	0	0	0	0	0	0	0	0	0	0	0	0	0	0	0	0	0	0	0	0	0	0	0	0	0	0	0	0	0	0	0	0	0	0	0	0	0	0	0	0	0	0	0	0	0	0	0	0	0	0	0	0	0	0	0	0	0	0	0	0	0	0	0	0	0	0	0	0	0	0	0	0	0	0	0	0	0	0	0	0
HD0021460-B44	0	0.164894635	0	0	0	0.662284964	0	0	0	0	0	0.172820401	0	0	0	0	0	0	0	0	0	0	0	0	0	0	0	0	0	0	0	0	0	0	0	0	0	0	0	0	0	0	0	0	0	0	0	0	0	0	0	0	0	0	0	0	0	0	0	0	0	0	0	0	0	0	0	0	0	0	0	0	0	0	0	0	0	0	0	0	0	0	0	0	0	0	0	0	0	0	0	0	0	0	0	0	0	0	0	0	0	0	0	0	0	0
HD0021461-B45	0	0.261232668	0	0.105151745	0	0.454716537	0	0	0.100329349	0	0.078569701	0	0	0	0	0	0	0	0	0	0	0	0	0	0	0	0	0	0	0	0	0	0	0	0	0	0	0	0	0	0	0	0	0	0	0	0	0	0	0	0	0	0	0	0	0	0	0	0	0	0	0	0	0	0	0	0	0	0	0	0	0	0	0	0	0	0	0	0	0	0	0	0	0	0	0	0	0	0	0	0	0	0	0	0	0	0	0	0	0	0	0	0	0	0	0
HD0021462-B46	0	0.633908969	0	0.248115838	0	0	0	0	0.117975193	0	0	0	0	0	0	0	0	0	0	0	0	0	0	0	0	0	0	0	0	0	0	0	0	0	0	0	0	0	0	0	0	0	0	0	0	0	0	0	0	0	0	0	0	0	0	0	0	0	0	0	0	0	0	0	0	0	0	0	0	0	0	0	0	0	0	0	0	0	0	0	0	0	0	0	0	0	0	0	0	0	0	0	0	0	0	0	0	0	0	0	0	0	0	0	0	0
HD0021463-B47	0	0.183256745	0	0	0	0.213969719	0	0	0	0	0.216266788	0.206100046	0	0	0	0	0	0	0	0	0	0	0	0	0	0	0	0	0	0	0	0	0	0	0	0	0	0	0.02250298	0.0450485	0	0	0	0	0	0	0.075463694	0	0	0	0	0	0	0	0	0	0	0	0	0	0	0	0	0	0	0	0	0	0	0	0	0.037391527	0	0	0	0	0	0	0	0	0	0	0	0	0	0	0	0	0	0	0	0	0	0	0	0	0	0	0	0	0	0	0	0	0	0
HD0021464-B48	0	0	0.99284463	0.00715537	0	0	0	0	0	0	0	0	0	0	0	0	0	0	0	0	0	0	0	0	0	0	0	0	0	0	0	0	0	0	0	0	0	0	0	0	0	0	0	0	0	0	0	0	0	0	0	0	0	0	0	0	0	0	0	0	0	0	0	0	0	0	0	0	0	0	0	0	0	0	0	0	0	0	0	0	0	0	0	0	0	0	0	0	0	0	0	0	0	0	0	0	0	0	0	0	0	0	0	0	0	0
HD0021465-B49	0	0.786648701	0	0.111234859	0	0.02466132	0	0.032536316	0	0	0	0	0	0.028262062	0	0	0	0	0	0	0	0	0	0	0	0	0	0	0	0	0	0	0	0	0	0.016656741	0	0	0	0	0	0	0	0	0	0	0	0	0	0	0	0	0	0	0	0	0	0	0	0	0	0	0	0	0	0	0	0	0	0	0	0	0	0	0	0	0	0	0	0	0	0	0	0	0	0	0	0	0	0	0	0	0	0	0	0	0	0	0	0	0	0	0	0	0	0
HD0021466-B50	0	0	0	0	0	1	0	0	0	0	0	0	0	0	0	0	0	0	0	0	0	0	0	0	0	0	0	0	0	0	0	0	0	0	0	0	0	0	0	0	0	0	0	0	0	0	0	0	0	0	0	0	0	0	0	0	0	0	0	0	0	0	0	0	0	0	0	0	0	0	0	0	0	0	0	0	0	0	0	0	0	0	0	0	0	0	0	0	0	0	0	0	0	0	0	0	0	0	0	0	0	0	0	0	0	0
HD0021467-B51	0	1	0	0	0	0	0	0	0	0	0	0	0	0	0	0	0	0	0	0	0	0	0	0	0	0	0	0	0	0	0	0	0	0	0	0	0	0	0	0	0	0	0	0	0	0	0	0	0	0	0	0	0	0	0	0	0	0	0	0	0	0	0	0	0	0	0	0	0	0	0	0	0	0	0	0	0	0	0	0	0	0	0	0	0	0	0	0	0	0	0	0	0	0	0	0	0	0	0	0	0	0	0	0	0	0
HD0021468-B52	0	0.736825885	0	0	0	0.263174115	0	0	0	0	0	0	0	0	0	0	0	0	0	0	0	0	0	0	0	0	0	0	0	0	0	0	0	0	0	0	0	0	0	0	0	0	0	0	0	0	0	0	0	0	0	0	0	0	0	0	0	0	0	0	0	0	0	0	0	0	0	0	0	0	0	0	0	0	0	0	0	0	0	0	0	0	0	0	0	0	0	0	0	0	0	0	0	0	0	0	0	0	0	0	0	0	0	0	0	0
HD0021469-B53	0	0.661429302	0	0.081297507	0	0.257273191	0	0	0	0	0	0	0	0	0	0	0	0	0	0	0	0	0	0	0	0	0	0	0	0	0	0	0	0	0	0	0	0	0	0	0	0	0	0	0	0	0	0	0	0	0	0	0	0	0	0	0	0	0	0	0	0	0	0	0	0	0	0	0	0	0	0	0	0	0	0	0	0	0	0	0	0	0	0	0	0	0	0	0	0	0	0	0	0	0	0	0	0	0	0	0	0	0	0	0	0
HD0021470-B54	0	0.70054271	0	0.29945729	0	0	0	0	0	0	0	0	0	0	0	0	0	0	0	0	0	0	0	0	0	0	0	0	0	0	0	0	0	0	0	0	0	0	0	0	0	0	0	0	0	0	0	0	0	0	0	0	0	0	0	0	0	0	0	0	0	0	0	0	0	0	0	0	0	0	0	0	0	0	0	0	0	0	0	0	0	0	0	0	0	0	0	0	0	0	0	0	0	0	0	0	0	0	0	0	0	0	0	0	0	0
HD0021471-B55	0	0	0	0	0	0	0	0	0	0	0	0	0	0	0	0	0	0	0	0	0	0	0	0	0	0	0	0	0	0	0	0	0	0	0	0	0	0	0	0	0	0	0	0	0	0	0	0	0	0	0	0	0	0	0	0	0	0	0	0	0	0	0	0	0	0	0	0	0	0	0	0	0	0	0	0	0	0	0	0	0	0	0	0	0	0	0	0	0	0	0	0	0	0	0	0	0	0	0	0	0	0	0	0	0	0
HD0021472-B56	0	0.010988186	0	0	0.936448464	0	0.015153994	0	0	0	0	0	0	0	0	0.009956258	0	0.013698538	0	0	0	0	0	0	0	0	0.01375456	0	0	0	0	0	0	0	0	0	0	0	0	0	0	0	0	0	0	0	0	0	0	0	0	0	0	0	0	0	0	0	0	0	0	0	0	0	0	0	0	0	0	0	0	0	0	0	0	0	0	0	0	0	0	0	0	0	0	0	0	0	0	0	0	0	0	0	0	0	0	0	0	0	0	0	0	0	0	0
HD0021473-B57	0	0.824058005	0	0.175941995	0	0	0	0	0	0	0	0	0	0	0	0	0	0	0	0	0	0	0	0	0	0	0	0	0	0	0	0	0	0	0	0	0	0	0	0	0	0	0	0	0	0	0	0	0	0	0	0	0	0	0	0	0	0	0	0	0	0	0	0	0	0	0	0	0	0	0	0	0	0	0	0	0	0	0	0	0	0	0	0	0	0	0	0	0	0	0	0	0	0	0	0	0	0	0	0	0	0	0	0	0	0
HD0021474-B58	0	0.770567584	0	0	0	0.229432416	0	0	0	0	0	0	0	0	0	0	0	0	0	0	0	0	0	0	0	0	0	0	0	0	0	0	0	0	0	0	0	0	0	0	0	0	0	0	0	0	0	0	0	0	0	0	0	0	0	0	0	0	0	0	0	0	0	0	0	0	0	0	0	0	0	0	0	0	0	0	0	0	0	0	0	0	0	0	0	0	0	0	0	0	0	0	0	0	0	0	0	0	0	0	0	0	0	0	0	0
HD0021475-B59	0	0.784839597	0	0.143906654	0	0	0	0	0	0	0	0	0	0	0	0	0	0	0	0	0	0.071253749	0	0	0	0	0	0	0	0	0	0	0	0	0	0	0	0	0	0	0	0	0	0	0	0	0	0	0	0	0	0	0	0	0	0	0	0	0	0	0	0	0	0	0	0	0	0	0	0	0	0	0	0	0	0	0	0	0	0	0	0	0	0	0	0	0	0	0	0	0	0	0	0	0	0	0	0	0	0	0	0	0	0	0	0
HD0021476-B60	0	0.124756335	0	0.040545811	0	0.273294346	0.126900582	0	0	0	0	0.058576997	0	0	0	0	0	0	0.085769979	0.29015595	0	0	0	0	0	0	0	0	0	0	0	0	0	0	0	0	0	0	0	0	0	0	0	0	0	0	0	0	0	0	0	0	0	0	0	0	0	0	0	0	0	0	0	0	0	0	0	0	0	0	0	0	0	0	0	0	0	0	0	0	0	0	0	0	0	0	0	0	0	0	0	0	0	0	0	0	0	0	0	0	0	0	0	0	0	0
HD0027608-B61	0	0	0	0	0	0.269469707	0.431464099	0	0.299066194	0	0	0	0	0	0	0	0	0	0	0	0	0	0	0	0	0	0	0	0	0	0	0	0	0	0	0	0	0	0	0	0	0	0	0	0	0	0	0	0	0	0	0	0	0	0	0	0	0	0	0	0	0	0	0	0	0	0	0	0	0	0	0	0	0	0	0	0	0	0	0	0	0	0	0	0	0	0	0	0	0	0	0	0	0	0	0	0	0	0	0	0	0	0	0	0	0
HD0027609-B62	0	0	0	0	0	0	0	0	0.319932454	0	0.025113037	0	0.033992481	0.150460312	0.143051697	0	0	0	0	0	0	0	0.14381435	0	0	0	0	0	0	0	0.019992376	0	0.0210274	0	0.014054583	0	0	0	0	0	0	0.025058559	0	0	0.037805741	0	0	0.024023535	0	0	0	0.027237563	0.01443591	0	0	0	0	0	0	0	0	0	0	0	0	0	0	0	0	0	0	0	0	0	0	0	0	0	0	0	0	0	0	0	0	0	0	0	0	0	0	0	0	0	0	0	0	0	0	0	0	0	0	0	0	0
HD0027610-B63	0	0	0	0	0	0	0	0	0.663394117	0	0	0	0	0	0	0	0	0	0	0	0	0	0.336605883	0	0	0	0	0	0	0	0	0	0	0	0	0	0	0	0	0	0	0	0	0	0	0	0	0	0	0	0	0	0	0	0	0	0	0	0	0	0	0	0	0	0	0	0	0	0	0	0	0	0	0	0	0	0	0	0	0	0	0	0	0	0	0	0	0	0	0	0	0	0	0	0	0	0	0	0	0	0	0	0	0	0	0
HD0027611-B64	0	0	0	0	0	0	0	0	0	0	0	1	0	0	0	0	0	0	0	0	0	0	0	0	0	0	0	0	0	0	0	0	0	0	0	0	0	0	0	0	0	0	0	0	0	0	0	0	0	0	0	0	0	0	0	0	0	0	0	0	0	0	0	0	0	0	0	0	0	0	0	0	0	0	0	0	0	0	0	0	0	0	0	0	0	0	0	0	0	0	0	0	0	0	0	0	0	0	0	0	0	0	0	0	0	0
HD0027612-B65	0	0	0	0	0	0	0	0	0.494253382	0	0	0	0	0	0.505746618	0	0	0	0	0	0	0	0	0	0	0	0	0	0	0	0	0	0	0	0	0	0	0	0	0	0	0	0	0	0	0	0	0	0	0	0	0	0	0	0	0	0	0	0	0	0	0	0	0	0	0	0	0	0	0	0	0	0	0	0	0	0	0	0	0	0	0	0	0	0	0	0	0	0	0	0	0	0	0	0	0	0	0	0	0	0	0	0	0	0	0
HD0027613-B66	0	0	0	0	0	0	0	0	0.325377885	0.083929992	0.144391408	0.240254573	0	0	0	0	0	0	0.206046143	0	0	0	0	0	0	0	0	0	0	0	0	0	0	0	0	0	0	0	0	0	0	0	0	0	0	0	0	0	0	0	0	0	0	0	0	0	0	0	0	0	0	0	0	0	0	0	0	0	0	0	0	0	0	0	0	0	0	0	0	0	0	0	0	0	0	0	0	0	0	0	0	0	0	0	0	0	0	0	0	0	0	0	0	0	0	0
HD0027614-B67	0	0	0	0	0	0	0.568624319	0	0.004063487	0.427312194	0	0	0	0	0	0	0	0	0	0	0	0	0	0	0	0	0	0	0	0	0	0	0	0	0	0	0	0	0	0	0	0	0	0	0	0	0	0	0	0	0	0	0	0	0	0	0	0	0	0	0	0	0	0	0	0	0	0	0	0	0	0	0	0	0	0	0	0	0	0	0	0	0	0	0	0	0	0	0	0	0	0	0	0	0	0	0	0	0	0	0	0	0	0	0	0
HD0027615-B68	0	0	0	0	0	0	0	0	1	0	0	0	0	0	0	0	0	0	0	0	0	0	0	0	0	0	0	0	0	0	0	0	0	0	0	0	0	0	0	0	0	0	0	0	0	0	0	0	0	0	0	0	0	0	0	0	0	0	0	0	0	0	0	0	0	0	0	0	0	0	0	0	0	0	0	0	0	0	0	0	0	0	0	0	0	0	0	0	0	0	0	0	0	0	0	0	0	0	0	0	0	0	0	0	0	0
HD0027616-B69	0	0	0	0	0	0	0.389906612	0	0.034662344	0	0	0	0	0	0	0	0	0	0	0	0	0	0	0.501167336	0	0	0	0	0	0	0	0	0	0	0	0	0	0	0	0	0	0	0	0	0	0	0	0	0	0	0	0	0	0	0	0	0	0	0	0	0	0	0	0	0	0	0	0	0	0	0	0	0	0.045617841	0	0	0.028645866	0	0	0	0	0	0	0	0	0	0	0	0	0	0	0	0	0	0	0	0	0	0	0	0	0	0	0	0	0
HD0027617-B70	0	0	0	0	0	0	0	0	0	0	0	0	0	0	1	0	0	0	0	0	0	0	0	0	0	0	0	0	0	0	0	0	0	0	0	0	0	0	0	0	0	0	0	0	0	0	0	0	0	0	0	0	0	0	0	0	0	0	0	0	0	0	0	0	0	0	0	0	0	0	0	0	0	0	0	0	0	0	0	0	0	0	0	0	0	0	0	0	0	0	0	0	0	0	0	0	0	0	0	0	0	0	0	0	0	0
HD0027618-B71	0	0	0	0	0	0	0	0	0.050220421	0	0.39111725	0.103882152	0	0.051833535	0.164533826	0	0	0	0	0	0	0	0	0	0	0	0	0	0.063017574	0	0	0	0	0	0	0	0	0	0.042047527	0	0	0.029250482	0.042907855	0	0	0	0	0	0	0	0	0	0	0	0	0	0	0	0.061189379	0	0	0	0	0	0	0	0	0	0	0	0	0	0	0	0	0	0	0	0	0	0	0	0	0	0	0	0	0	0	0	0	0	0	0	0	0	0	0	0	0	0	0	0	0	0	0
HD0027619-B72	0	0	0	0	0	0	0	0	0.607502791	0	0	0	0	0	0	0	0	0	0	0	0	0	0.392497209	0	0	0	0	0	0	0	0	0	0	0	0	0	0	0	0	0	0	0	0	0	0	0	0	0	0	0	0	0	0	0	0	0	0	0	0	0	0	0	0	0	0	0	0	0	0	0	0	0	0	0	0	0	0	0	0	0	0	0	0	0	0	0	0	0	0	0	0	0	0	0	0	0	0	0	0	0	0	0	0	0	0	0
HD0027620-B73	0	0	0	0	0	0	0	0	1	0	0	0	0	0	0	0	0	0	0	0	0	0	0	0	0	0	0	0	0	0	0	0	0	0	0	0	0	0	0	0	0	0	0	0	0	0	0	0	0	0	0	0	0	0	0	0	0	0	0	0	0	0	0	0	0	0	0	0	0	0	0	0	0	0	0	0	0	0	0	0	0	0	0	0	0	0	0	0	0	0	0	0	0	0	0	0	0	0	0	0	0	0	0	0	0	0
HD0027621-B74	0	0	0	0	0	0	0.050973353	0	0.105191577	0.028417424	0.096347061	0.038570241	0.021299989	0.010833159	0.091479987	0	0	0	0	0	0	0	0.038570186	0	0	0	0	0	0	0	0	0	0	0	0	0	0	0	0.025382087	0	0.352731859	0	0	0	0	0	0	0.037261874	0	0	0	0.009367808	0	0.019939304	0	0	0	0	0.010676153	0	0.009524803	0	0	0.009001467	0	0	0	0	0	0	0	0	0	0	0	0	0	0	0	0	0	0	0	0	0	0	0	0	0	0	0.020829025	0	0	0	0	0	0	0.013292833	0	0	0	0	0.010309812	0	0	0
HD0027622-B75	0	0	0	0.999787865	0	0	0	0	0	0	0	0	0	0	0.000131283	0	0	0	0	0	0	0	0	0	0	0	0	0	0	0	0	0	0	0	0	0	0	0	0	0	0	0	0	0	0	0	0	0	0	0	0	0	0	0	0	0	0	0	0	0	0	0	0	0	0	0	0	0	0	0	0	0	0	0	0	0	0	0	0	0	0	0	0	0	0	0	0	0	0	0	0	0	0	0	0	0	0	0	0	0	0	0	0	0	0	8.08512E-05
HD0027623-B76	0	0	0	0	0	0	0	0	0.285271312	0	0.362015348	0	0	0.35271334	0	0	0	0	0	0	0	0	0	0	0	0	0	0	0	0	0	0	0	0	0	0	0	0	0	0	0	0	0	0	0	0	0	0	0	0	0	0	0	0	0	0	0	0	0	0	0	0	0	0	0	0	0	0	0	0	0	0	0	0	0	0	0	0	0	0	0	0	0	0	0	0	0	0	0	0	0	0	0	0	0	0	0	0	0	0	0	0	0	0	0	0
HD0027624-B77	0	0	0	0	0	0	0	0	0	0	0	0	0	0	0	0	0	0	0	0	0	0	0	0	0	0	0	0	0	0	0	0	0	0	0	0	0	0	0	0	0	0	0	0	0	0	0	0	0	0	0	0	0	0	0	0	0	0	0	0	0	0	0	0	0	0	0	0	0	0	0	0	0	0	0	0	0	0	0	0	0	0	0	0	0	0	0	0	0	0	0	0	0	0	0	0	0	0	0	0	0	0	0	0	0	0
HD0027625-B78	0	0	0	0	0	0	0	0	0.198063133	0	0.363636374	0	0	0	0	0	0	0.129022169	0.18900343	0	0	0	0	0	0	0	0	0	0	0	0	0	0	0	0	0	0	0	0	0	0	0.120274894	0	0	0	0	0	0	0	0	0	0	0	0	0	0	0	0	0	0	0	0	0	0	0	0	0	0	0	0	0	0	0	0	0	0	0	0	0	0	0	0	0	0	0	0	0	0	0	0	0	0	0	0	0	0	0	0	0	0	0	0	0	0	0	0
HD0027626-B79	0	0	0	0	0	0	0	0	0	0	0	0	0.641214681	0	0	0	0	0	0	0	0	0	0	0	0	0	0	0	0	0	0	0	0	0	0	0	0	0	0	0	0	0	0	0	0.358785319	0	0	0	0	0	0	0	0	0	0	0	0	0	0	0	0	0	0	0	0	0	0	0	0	0	0	0	0	0	0	0	0	0	0	0	0	0	0	0	0	0	0	0	0	0	0	0	0	0	0	0	0	0	0	0	0	0	0	0	0	0
HD0027627-B80	0	0	0	0	0	0	0	0	0.493986955	0	0	0	0	0	0.506013045	0	0	0	0	0	0	0	0	0	0	0	0	0	0	0	0	0	0	0	0	0	0	0	0	0	0	0	0	0	0	0	0	0	0	0	0	0	0	0	0	0	0	0	0	0	0	0	0	0	0	0	0	0	0	0	0	0	0	0	0	0	0	0	0	0	0	0	0	0	0	0	0	0	0	0	0	0	0	0	0	0	0	0	0	0	0	0	0	0	0	0

